{
  "Filter": "UKF",
  "Estimation": [
    {
      "Time": "2018-01-01T00:02:54.000Z",
      "PreFit": {
        "RangeRate": [
          0.7115106941448489
        ],
        "Range": [
          3.7702241914515465E7
        ]
      },
      "PostFit": {
        "RangeRate": [
          0.7930956550121682
        ],
        "Range": [
          3.770223785012212E7
        ]
      },
      "EstimatedState": [
        3.579642702468086E7,
        -2.2266997333662916E7,
        -87938.54443099655,
        1625.1002848547096,
        2610.75634171199,
        -2.0922846718896477,
        1.9381249939945862,
        1.5
      ],
      "EstimatedCovariance": [
        [
          1273749.4898863956,
          1466043.6213656976,
          1845180.0802448099,
          -56.58951369744718,
          41.10786324627906,
          6.402346189186556,
          -0.033052072221906745,
          -9.213541954733826E-7
        ],
        [
          1466043.6213656957,
          2223974.114446573,
          -1320511.2733686774,
          -77.91508820328603,
          56.59928721067327,
          8.812705001460008,
          0.024019191858138254,
          -1.2684537862560596E-6
        ],
        [
          1845180.0802448099,
          -1320511.2733686774,
          2.479233502925739E7,
          0.06850506036371896,
          -0.050143326842712554,
          0.007305864035049122,
          0.0037392603836379395,
          1.1627074478791422E-9
        ],
        [
          -56.58951369744719,
          -77.91508820328603,
          0.06850506036371896,
          0.009572810503506807,
          3.102366288828619E-4,
          4.831929651602692E-5,
          8.589434597310568E-11,
          2.60498966101338E-11
        ],
        [
          41.10786324627906,
          56.59928721067327,
          -0.050143326842712554,
          3.1023662888286183E-4,
          0.009774697739182624,
          -3.5090786752312635E-5,
          -5.5134582066516104E-11,
          -1.6233888311042092E-10
        ],
        [
          6.402346189186557,
          8.812705001460007,
          0.00730586403504912,
          4.831929651602692E-5,
          -3.5090786752312635E-5,
          0.009994534626448691,
          -2.0281686141236625E-12,
          -7.179257706198727E-11
        ],
        [
          -0.03305207222190675,
          0.024019191858138254,
          0.0037392603836379395,
          8.589434597310568E-11,
          -5.5134582066516116E-11,
          -2.028168614123662E-12,
          0.30617773430766604,
          6.003719591235528E-19
        ],
        [
          -9.213541954733827E-7,
          -1.2684537862560596E-6,
          1.1627074478791422E-9,
          2.6049896610133804E-11,
          -1.6233888311042092E-10,
          -7.179257706198727E-11,
          6.003719591235528E-19,
          0.03125
        ]
      ],
      "InnovationCovariance": [
        [
          2.5000099177433528E7,
          -0.03397100356323481
        ],
        [
          -0.03397100356323481,
          0.15197770014598605
        ]
      ],
      "numConsideredParams": 1
    },
    {
      "Time": "2018-01-01T00:07:54.000Z",
      "PreFit": {
        "RangeRate": [
          0.8026484960587296
        ],
        "Range": [
          3.770247760159358E7
        ]
      },
      "PostFit": {
        "RangeRate": [
          0.788850533882067
        ],
        "Range": [
          3.770247245531805E7
        ]
      },
      "EstimatedState": [
        3.627524308477235E7,
        -2.1478644798662707E7,
        -88548.68062294657,
        1567.5786632854388,
        2645.66802913124,
        -1.9522697770904032,
        1.9068629825065773,
        1.5
      ],
      "EstimatedCovariance": [
        [
          786026.9157430999,
          837773.3416244751,
          1822068.8104852072,
          -58.14478105316935,
          40.255088034708855,
          3.8693324621818244,
          0.47258746375420924,
          0.0011384109576645565
        ],
        [
          837773.3416244752,
          1421281.7390797255,
          -1352724.7063656317,
          -84.8238397914111,
          58.61804560548333,
          11.454477513122788,
          0.7097816250824694,
          0.0016207187981566473
        ],
        [
          1822068.8104852072,
          -1352724.7063656317,
          2.4778911978661757E7,
          5.9406483477746015,
          -3.381066535435056,
          -36.55555104157493,
          0.004037723808735908,
          1.3379868047510858E-4
        ],
        [
          -58.14478105316935,
          -84.8238397914111,
          5.9406483477746015,
          0.00966480322640537,
          4.242627295801794E-4,
          3.5358425487336807E-5,
          3.1193728101118405E-6,
          -6.789678885998076E-8
        ],
        [
          40.25508803470885,
          58.61804560548333,
          -3.381066535435056,
          4.242627295801794E-4,
          0.00955911068093768,
          -4.77851299864448E-5,
          -3.80675361797905E-6,
          3.9595175339350483E-7
        ],
        [
          3.8693324621818244,
          11.454477513122788,
          -36.55555104157493,
          3.5358425487336807E-5,
          -4.77851299864448E-5,
          0.010052578216546813,
          -4.0987270176942266E-7,
          1.7196405622876256E-7
        ],
        [
          0.47258746375420924,
          0.7097816250824696,
          0.004037723808735919,
          3.1193728101118405E-6,
          -3.80675361797905E-6,
          -4.0987270176942266E-7,
          0.222580637840017,
          -8.577264493951025E-11
        ],
        [
          0.0011384109576645567,
          0.001620718798156647,
          1.337986804751086E-4,
          -6.789678885998076E-8,
          3.9595175339350483E-7,
          1.7196405622876256E-7,
          -8.577264493950981E-11,
          0.03125
        ]
      ],
      "InnovationCovariance": [
        [
          1048.375284383161,
          2.8267068126614405
        ],
        [
          2.8267068126614405,
          0.019440167935269616
        ]
      ],
      "numConsideredParams": 1
    },
    {
      "Time": "2018-01-01T00:12:54.000Z",
      "PreFit": {
        "RangeRate": [
          0.7977688846767951
        ],
        "Range": [
          3.770271082052556E7
        ]
      },
      "PostFit": {
        "RangeRate": [
          0.7636648366916128
        ],
        "Range": [
          3.7702690265888944E7
        ]
      },
      "EstimatedState": [
        3.6736541713283576E7,
        -2.068021469779151E7,
        -89092.98715859365,
        1509.3075516895933,
        2679.3157889658164,
        -1.8112087250740496,
        1.8923382212778934,
        1.5
      ],
      "EstimatedCovariance": [
        [
          686925.6923035034,
          738090.4522343384,
          1797783.9823859995,
          -56.69187203475652,
          37.666626764445525,
          1.0914021555351088,
          0.3453856926980207,
          0.002273929828544514
        ],
        [
          738090.4522343384,
          1343187.26031474,
          -1386734.626577555,
          -87.6482589406451,
          58.09141692954319,
          13.767440969948796,
          0.5420709260364228,
          0.00332765257020177
        ],
        [
          1797783.9823859995,
          -1386734.626577555,
          2.473133612548801E7,
          11.54299349832346,
          -7.0163643545424526,
          -73.00525228023614,
          -0.07414440156537744,
          8.258407683720331E-4
        ],
        [
          -56.69187203475652,
          -87.6482589406451,
          11.54299349832346,
          0.009765016837986472,
          5.118690775037344E-4,
          3.043661683210224E-6,
          -6.068435523144172E-7,
          -1.2166187945568375E-7
        ],
        [
          37.666626764445525,
          58.09141692954319,
          -7.0163643545424526,
          5.118690775037344E-4,
          0.009330122816673963,
          -4.818307363952493E-5,
          -7.966020171639584E-6,
          8.132537164803382E-7
        ],
        [
          1.0914021555351088,
          13.767440969948796,
          -73.00525228023614,
          3.0436616832102236E-6,
          -4.818307363952493E-5,
          0.010227394236064438,
          -9.632742468664259E-8,
          3.4218957960728533E-7
        ],
        [
          0.3453856926980207,
          0.5420709260364229,
          -0.07414440156537744,
          -6.068435523144176E-7,
          -7.966020171639584E-6,
          -9.632742468664259E-8,
          0.18575522726720978,
          1.4437740998416771E-9
        ],
        [
          0.0022739298285445134,
          0.0033276525702017694,
          8.25840768372033E-4,
          -1.2166187945568375E-7,
          8.132537164803382E-7,
          3.4218957960728533E-7,
          1.4437740998416771E-9,
          0.031249999999999983
        ]
      ],
      "InnovationCovariance": [
        [
          463.605920339823,
          0.7022971554570947
        ],
        [
          0.7022971554570947,
          0.011591680890528963
        ]
      ],
      "numConsideredParams": 1
    },
    {
      "Time": "2018-01-01T00:17:54.000Z",
      "PreFit": {
        "RangeRate": [
          0.7719684317215841
        ],
        "Range": [
          3.77029209796738E7
        ]
      },
      "PostFit": {
        "RangeRate": [
          0.7275515957131253
        ],
        "Range": [
          3.770289085760313E7
        ]
      },
      "EstimatedState": [
        3.718013276610248E7,
        -1.987196966721473E7,
        -90167.69958350448,
        1450.296489503909,
        2711.6517789937,
        -1.666800839692884,
        1.8832798354603753,
        1.5
      ],
      "EstimatedCovariance": [
        [
          632146.3054314542,
          697117.3630757502,
          1770703.6266315097,
          -54.94879806023798,
          34.7151224763609,
          -1.6389585843824206,
          0.22545559762288908,
          0.003487054216903273
        ],
        [
          697117.3630757502,
          1347865.7202168126,
          -1421401.6960760336,
          -89.98770080813729,
          57.062416094666574,
          16.14287149995068,
          0.39976516408177254,
          0.005102482601272343
        ],
        [
          1770703.6266315097,
          -1421401.6960760336,
          2.4626869717821904E7,
          16.12223543664306,
          -12.161928897839937,
          -109.11672409669212,
          -0.2621460861089214,
          0.002947652987895471
        ],
        [
          -54.94879806023798,
          -89.98770080813729,
          16.12223543664306,
          0.009829250918079416,
          5.453315887569249E-4,
          -4.197669855627574E-5,
          -7.564685704481749E-6,
          -1.328968601452456E-7
        ],
        [
          34.7151224763609,
          57.062416094666574,
          -12.161928897839937,
          5.453315887569249E-4,
          0.009017639006758263,
          -3.083960474321229E-5,
          -1.7591699209916025E-5,
          1.2982480007365421E-6
        ],
        [
          -1.6389585843824206,
          16.14287149995068,
          -109.11672409669212,
          -4.197669855627574E-5,
          -3.083960474321229E-5,
          0.01051753799234129,
          9.20567328361003E-7,
          5.043918402993374E-7
        ],
        [
          0.22545559762288908,
          0.39976516408177254,
          -0.2621460861089214,
          -7.564685704481749E-6,
          -1.7591699209916025E-5,
          9.20567328361003E-7,
          0.1695189528110426,
          5.322626301138413E-9
        ],
        [
          0.003487054216903273,
          0.005102482601272343,
          0.0029476529878954705,
          -1.3289686014524563E-7,
          1.2982480007365421E-6,
          5.043918402993374E-7,
          5.322626301138413E-9,
          0.03124999999999998
        ]
      ],
      "InnovationCovariance": [
        [
          311.83653478314983,
          0.30971910714900686
        ],
        [
          0.30971910714900686,
          0.010567111271635682
        ]
      ],
      "numConsideredParams": 1
    },
    {
      "Time": "2018-01-01T00:22:54.000Z",
      "PreFit": {
        "RangeRate": [
          0.7335340215574908
        ],
        "Range": [
          3.770311038662234E7
        ]
      },
      "PostFit": {
        "RangeRate": [
          0.7349482698796885
        ],
        "Range": [
          3.770311159111282E7
        ]
      },
      "EstimatedState": [
        3.7606294560720876E7,
        -1.9053767186681177E7,
        -90666.0956960572,
        1390.611371958495,
        2742.7141105541455,
        -1.5232384045597898,
        1.8803147390146255,
        1.5
      ],
      "EstimatedCovariance": [
        [
          587608.4268036317,
          667832.4775119345,
          1740078.7567692667,
          -53.28301677255335,
          31.412054698885097,
          -4.27737670999871,
          0.1261017748956761,
          0.004899717014643923
        ],
        [
          667832.4775119345,
          1369944.315911137,
          -1454810.118939679,
          -92.21793795922859,
          55.754496244713984,
          18.615183351724298,
          0.2988527943196134,
          0.0069824625162361485
        ],
        [
          1740078.7567692667,
          -1454810.118939679,
          2.4444776853560336E7,
          18.758187784327887,
          -20.32594048404526,
          -144.5331040470754,
          -0.5433915768795962,
          0.007445009837122164
        ],
        [
          -53.28301677255335,
          -92.21793795922859,
          18.758187784327887,
          0.009818054927270828,
          4.6455649983010556E-4,
          -8.927139197330067E-5,
          -1.7900009827253128E-5,
          -6.101592079830642E-8
        ],
        [
          31.412054698885097,
          55.754496244713984,
          -20.32594048404526,
          4.6455649983010556E-4,
          0.008520098135806852,
          2.020311348689647E-5,
          -3.323159412167558E-5,
          1.917174228213134E-6
        ],
        [
          -4.277376709998711,
          18.615183351724298,
          -144.5331040470754,
          -8.927139197330067E-5,
          2.020311348689647E-5,
          0.010919799932609192,
          3.055425227024755E-6,
          6.463632544115016E-7
        ],
        [
          0.1261017748956761,
          0.2988527943196134,
          -0.5433915768795963,
          -1.7900009827253128E-5,
          -3.323159412167558E-5,
          3.055425227024755E-6,
          0.1626992674397534,
          1.298499856203335E-8
        ],
        [
          0.004899717014643923,
          0.006982462516236148,
          0.007445009837122164,
          -6.101592079830642E-8,
          1.917174228213134E-6,
          6.463632544115016E-7,
          1.298499856203335E-8,
          0.031249999999999986
        ]
      ],
      "InnovationCovariance": [
        [
          252.85939579573454,
          0.19334936775002773
        ],
        [
          0.19334936775002773,
          0.010336092733647311
        ]
      ],
      "numConsideredParams": 1
    },
    {
      "Time": "2018-01-01T00:27:54.000Z",
      "PreFit": {
        "RangeRate": [
          0.7403552014152096
        ],
        "Range": [
          3.770333324995357E7
        ]
      },
      "PostFit": {
        "RangeRate": [
          0.7432565531178952
        ],
        "Range": [
          3.7703335244056895E7
        ]
      },
      "EstimatedState": [
        3.801447025691697E7,
        -1.8226435143189766E7,
        -90978.43156037782,
        1330.2659809478268,
        2772.4700487571045,
        -1.3799213707401985,
        1.8792093488358592,
        1.5
      ],
      "EstimatedCovariance": [
        [
          545621.4498202723,
          640805.4555633959,
          1696811.1773028492,
          -51.89677692200853,
          27.54939950977228,
          -6.735816050224396,
          0.03830871905250115,
          0.006658452063546599
        ],
        [
          640805.4555633959,
          1396934.4976015477,
          -1492127.386425123,
          -94.41916716045286,
          54.192102264432755,
          21.226812969028753,
          0.22502942450875016,
          0.008987012112971473
        ],
        [
          1696811.1773028492,
          -1492127.386425123,
          2.413198145605407E7,
          18.042054283128174,
          -33.768792173104664,
          -178.5205054979232,
          -0.9051935312550088,
          0.01564085206229402
        ],
        [
          -51.89677692200853,
          -94.41916716045286,
          18.042054283128174,
          0.009699011464265076,
          2.1536152319342284E-4,
          -1.1920932021776653E-4,
          -3.0233604985888802E-5,
          1.220014753025386E-7
        ],
        [
          27.54939950977228,
          54.192102264432755,
          -33.76879217310467,
          2.153615231934228E-4,
          0.00774518551014493,
          1.3611310373861767E-4,
          -5.2561788974732904E-5,
          2.717901003610774E-6
        ],
        [
          -6.735816050224396,
          21.226812969028753,
          -178.5205054979232,
          -1.192093202177665E-4,
          1.3611310373861765E-4,
          0.011426115916293748,
          6.66433725471343E-6,
          7.471584745055942E-7
        ],
        [
          0.03830871905250115,
          0.22502942450875016,
          -0.9051935312550088,
          -3.0233604985888806E-5,
          -5.2561788974732904E-5,
          6.66433725471343E-6,
          0.15971080523446296,
          2.3177136763072004E-8
        ],
        [
          0.006658452063546599,
          0.008987012112971473,
          0.01564085206229402,
          1.220014753025386E-7,
          2.717901003610774E-6,
          7.471584745055942E-7,
          2.3177136763072004E-8,
          0.031249999999999986
        ]
      ],
      "InnovationCovariance": [
        [
          228.0907070227415,
          0.15732277575643486
        ],
        [
          0.15732277575643486,
          0.010282690526450264
        ]
      ],
      "numConsideredParams": 1
    },
    {
      "Time": "2018-01-01T00:32:54.000Z",
      "PreFit": {
        "RangeRate": [
          0.7485085105040316
        ],
        "Range": [
          3.7703559367630616E7
        ]
      },
      "PostFit": {
        "RangeRate": [
          0.7544563008785714
        ],
        "Range": [
          3.770356298729433E7
        ]
      },
      "EstimatedState": [
        3.840447997282039E7,
        -1.739036429016432E7,
        -90990.43120544912,
        1269.292998768557,
        2800.91136109949,
        -1.2386399460231412,
        1.878917518405796,
        1.5
      ],
      "EstimatedCovariance": [
        [
          504755.0204866546,
          613783.9386406891,
          1642231.650629611,
          -50.79507893469009,
          23.187936406157046,
          -8.965234880576201,
          -0.03212722099095995,
          0.00868223906518247
        ],
        [
          613783.9386406891,
          1425349.3376610149,
          -1531972.1712757745,
          -96.60751289718782,
          52.4173595906362,
          23.989802348822284,
          0.1708110193844909,
          0.011097123415241245
        ],
        [
          1642231.650629611,
          -1531972.1712757745,
          2.3690512157597598E7,
          14.006254055871286,
          -52.29892069621843,
          -210.49993187148056,
          -1.238651438304251,
          0.026935191952484713
        ],
        [
          -50.79507893469009,
          -96.60751289718782,
          14.006254055871288,
          0.009472581491926499,
          -1.97253967067172E-4,
          -1.1598205192097532E-4,
          -4.1398526925849354E-5,
          3.9849959071200136E-7
        ],
        [
          23.187936406157046,
          52.4173595906362,
          -52.29892069621843,
          -1.97253967067172E-4,
          0.006706966500137223,
          3.407754445807425E-4,
          -7.005979587120054E-5,
          3.666927642596361E-6
        ],
        [
          -8.965234880576201,
          23.989802348822284,
          -210.49993187148056,
          -1.159820519209753E-4,
          3.407754445807425E-4,
          0.012025316636739674,
          1.1166581487687002E-5,
          7.944548216978255E-7
        ],
        [
          -0.032127220990959944,
          0.1708110193844909,
          -1.238651438304251,
          -4.1398526925849354E-5,
          -7.005979587120054E-5,
          1.1166581487687E-5,
          0.1583727100501291,
          3.223472624664327E-8
        ],
        [
          0.00868223906518247,
          0.011097123415241245,
          0.026935191952484713,
          3.9849959071200136E-7,
          3.666927642596361E-6,
          7.944548216978255E-7,
          3.223472624664327E-8,
          0.03125
        ]
      ],
      "InnovationCovariance": [
        [
          219.51963375190306,
          0.15064234833593726
        ],
        [
          0.15064234833593726,
          0.010276319264525768
        ]
      ],
      "numConsideredParams": 1
    },
    {
      "Time": "2018-01-01T00:37:54.000Z",
      "PreFit": {
        "RangeRate": [
          0.7603180993136432
        ],
        "Range": [
          3.770379055608101E7
        ]
      },
      "PostFit": {
        "RangeRate": [
          0.7566119106183606
        ],
        "Range": [
          3.770378687370475E7
        ]
      },
      "EstimatedState": [
        3.877600938998169E7,
        -1.6546016413649112E7,
        -91532.80020707204,
        1207.6953166775272,
        2827.981937965559,
        -1.0918271983042378,
        1.8784593044587719,
        1.5
      ],
      "EstimatedCovariance": [
        [
          465234.9459923018,
          586136.958420611,
          1582806.0426803036,
          -49.78668816194068,
          18.67958514164976,
          -10.980671769016542,
          -0.07787836266103057,
          0.010694281161144861
        ],
        [
          586136.958420611,
          1453946.3866834422,
          -1572683.7861437697,
          -98.74684857041268,
          50.51308707692878,
          26.90268521559397,
          0.1319597091583572,
          0.013257461212758042
        ],
        [
          1582806.0426803036,
          -1572683.7861437697,
          2.3172409058938358E7,
          8.28863492618554,
          -73.07531128506864,
          -240.4321276507336,
          -1.4393363806816437,
          0.03899878648310569
        ],
        [
          -49.78668816194068,
          -98.74684857041268,
          8.288634926185539,
          0.009191463438901752,
          -6.828767276465225E-4,
          -8.101086642442226E-5,
          -4.824094195837285E-5,
          6.949567252451279E-7
        ],
        [
          18.67958514164976,
          50.51308707692878,
          -73.07531128506865,
          -6.828767276465225E-4,
          0.00555986286793881,
          6.288564713204146E-4,
          -8.045523642000047E-5,
          4.6398788598552414E-6
        ],
        [
          -10.980671769016542,
          26.90268521559397,
          -240.4321276507336,
          -8.101086642442229E-5,
          6.288564713204145E-4,
          0.01270841812859902,
          1.532759741445821E-5,
          7.980663815048169E-7
        ],
        [
          -0.07787836266103057,
          0.1319597091583572,
          -1.4393363806816437,
          -4.824094195837285E-5,
          -8.045523642000047E-5,
          1.532759741445821E-5,
          0.15774489047783757,
          3.6882607351051035E-8
        ],
        [
          0.010694281161144861,
          0.013257461212758042,
          0.03899878648310569,
          6.949567252451279E-7,
          4.639878859855241E-6,
          7.980663815048169E-7,
          3.6882607351051035E-8,
          0.03125000000000001
        ]
      ],
      "InnovationCovariance": [
        [
          218.1638446468094,
          0.15177653996201942
        ],
        [
          0.15177653996201942,
          0.010272128740270559
        ]
      ],
      "numConsideredParams": 1
    },
    {
      "Time": "2018-01-01T00:42:54.000Z",
      "PreFit": {
        "RangeRate": [
          0.7613853703674935
        ],
        "Range": [
          3.770401491872004E7
        ]
      },
      "PostFit": {
        "RangeRate": [
          0.7685294965230132
        ],
        "Range": [
          3.770402002628896E7
        ]
      },
      "EstimatedState": [
        3.912906910725364E7,
        -1.569369781837383E7,
        -91434.75181442936,
        1145.5399624964243,
        2853.72904539782,
        -0.9511935823626901,
        1.87837799205298,
        1.5
      ],
      "EstimatedCovariance": [
        [
          428284.4241177584,
          557664.4751394928,
          1531674.7393112178,
          -48.57002099692369,
          14.526860165045353,
          -12.91920735213888,
          -0.09845022030616937,
          0.0123629485990283
        ],
        [
          557664.4751394928,
          1481997.5721492432,
          -1612136.3017312426,
          -100.83078326699848,
          48.49488915327738,
          29.948178199559987,
          0.10453879919080651,
          0.015454348239996137
        ],
        [
          1531674.7393112178,
          -1612136.3017312426,
          2.2691967117080767E7,
          3.7996153260816605,
          -91.33625694532343,
          -269.3627606824876,
          -1.4715745128771442,
          0.048675625929747036
        ],
        [
          -48.57002099692369,
          -100.83078326699848,
          3.7996153260816605,
          0.008926133349420206,
          -0.0011264272664312652,
          -4.14719684493375E-5,
          -4.987524359113464E-5,
          9.320070102228837E-7
        ],
        [
          14.526860165045353,
          48.49488915327738,
          -91.33625694532343,
          -0.0011264272664312654,
          0.004491628564308964,
          9.538797123730964E-4,
          -8.238249085208622E-5,
          5.5078401321247115E-6
        ],
        [
          -12.91920735213888,
          29.948178199559987,
          -269.3627606824876,
          -4.14719684493375E-5,
          9.538797123730964E-4,
          0.013479513241700115,
          1.8080821738096168E-5,
          7.92560246481221E-7
        ],
        [
          -0.09845022030616937,
          0.10453879919080651,
          -1.4715745128771442,
          -4.987524359113464E-5,
          -8.238249085208622E-5,
          1.8080821738096168E-5,
          0.15749531959678512,
          3.706315638328257E-8
        ],
        [
          0.0123629485990283,
          0.015454348239996137,
          0.048675625929747036,
          9.320070102228837E-7,
          5.5078401321247115E-6,
          7.92560246481221E-7,
          3.706315638328257E-8,
          0.03125000000000002
        ]
      ],
      "InnovationCovariance": [
        [
          217.39626738674883,
          0.14905865317943315
        ],
        [
          0.14905865317943315,
          0.010254000725600647
        ]
      ],
      "numConsideredParams": 1
    },
    {
      "Time": "2018-01-01T00:47:54.000Z",
      "PreFit": {
        "RangeRate": [
          0.774008802514624
        ],
        "Range": [
          3.770425174579989E7
        ]
      },
      "PostFit": {
        "RangeRate": [
          0.7749947727335287
        ],
        "Range": [
          3.770425281967016E7
        ]
      },
      "EstimatedState": [
        3.9463344987349704E7,
        -1.483388480443688E7,
        -91662.65276557946,
        1082.8249720581957,
        2878.0892490437977,
        -0.8062435116690451,
        1.8784245170244538,
        1.5
      ],
      "EstimatedCovariance": [
        [
          393857.85175071046,
          528420.1149159751,
          1488708.2728994873,
          -47.04854669411358,
          10.900489779286715,
          -14.82123276367954,
          -0.10113109040516086,
          0.013598318047132421
        ],
        [
          528420.1149159751,
          1509401.3636166865,
          -1649621.0462517054,
          -102.79002086798052,
          46.479360402961554,
          33.11358518290535,
          0.08558941098305772,
          0.017622621166468205
        ],
        [
          1488708.2728994873,
          -1649621.0462517054,
          2.224934079750923E7,
          1.2113547475073734,
          -105.93862340778978,
          -297.5046054500408,
          -1.3828345138535278,
          0.05534858342559848
        ],
        [
          -47.04854669411358,
          -102.79002086798052,
          1.2113547475073734,
          0.008721253587875108,
          -0.0014547932128877257,
          -1.2851630113035618E-5,
          -4.755291985208588E-5,
          1.068404847411005E-6
        ],
        [
          10.900489779286715,
          46.479360402961554,
          -105.93862340778978,
          -0.0014547932128877257,
          0.0036217164146031913,
          0.0012879501527312891,
          -7.797146076502358E-5,
          6.204389159723965E-6
        ],
        [
          -14.82123276367954,
          33.11358518290535,
          -297.5046054500408,
          -1.2851630113035645E-5,
          0.0012879501527312891,
          0.014338188631808961,
          1.926983939654169E-5,
          7.982090087608897E-7
        ],
        [
          -0.10113109040516086,
          0.08558941098305772,
          -1.3828345138535278,
          -4.755291985208588E-5,
          -7.797146076502358E-5,
          1.926983939654169E-5,
          0.1573819185423379,
          3.458391598939929E-8
        ],
        [
          0.013598318047132421,
          0.017622621166468205,
          0.05534858342559848,
          1.068404847411005E-6,
          6.204389159723965E-6,
          7.982090087608897E-7,
          3.458391598939929E-8,
          0.03125000000000003
        ]
      ],
      "InnovationCovariance": [
        [
          214.8776139008945,
          0.14033313655557234
        ],
        [
          0.14033313655557234,
          0.010223552979657465
        ]
      ],
      "numConsideredParams": 1
    },
    {
      "Time": "2018-01-01T00:52:54.000Z",
      "PreFit": {
        "RangeRate": [
          0.7800279060023924
        ],
        "Range": [
          3.770448640569829E7
        ]
      },
      "PostFit": {
        "RangeRate": [
          0.778962229541634
        ],
        "Range": [
          3.770448569904896E7
        ]
      },
      "EstimatedState": [
        3.97787124088466E7,
        -1.3966978295068396E7,
        -91946.62190751827,
        1019.589530784665,
        2901.0659973778884,
        -0.6594401126810535,
        1.8785465672666588,
        1.5
      ],
      "EstimatedCovariance": [
        [
          362220.08878378745,
          498331.75117913674,
          1457062.3010725942,
          -45.18048237245688,
          7.8632387781836615,
          -16.775397722132535,
          -0.09440766364077427,
          0.014406000602485316
        ],
        [
          498331.75117913674,
          1535882.1378803558,
          -1684780.8617521848,
          -104.64297508853382,
          44.43326465735649,
          36.38843334773016,
          0.07241572925624509,
          0.019782458057123323
        ],
        [
          1457062.3010725942,
          -1684780.8617521848,
          2.187523806302026E7,
          1.1192803195927485,
          -116.00225361270763,
          -325.5321852857578,
          -1.2368082554409674,
          0.05888767910780818
        ],
        [
          -45.18048237245688,
          -104.64297508853382,
          1.1192803195927485,
          0.008584298339388306,
          -0.0016591714549521908,
          -1.338442783070243E-5,
          -4.3180458140607296E-5,
          1.1080000048916644E-6
        ],
        [
          7.8632387781836615,
          44.43326465735649,
          -116.00225361270763,
          -0.0016591714549521908,
          0.002958950133569541,
          0.0016005543631208965,
          -7.036452117944675E-5,
          6.739389547290951E-6
        ],
        [
          -16.775397722132535,
          36.38843334773016,
          -325.53218528575786,
          -1.338442783070243E-5,
          0.0016005543631208965,
          0.015292568702135126,
          1.929091533929446E-5,
          8.314331489186401E-7
        ],
        [
          -0.09440766364077427,
          0.07241572925624509,
          -1.2368082554409674,
          -4.3180458140607296E-5,
          -7.036452117944675E-5,
          1.929091533929446E-5,
          0.15731860285351848,
          3.1775022126658007E-8
        ],
        [
          0.014406000602485316,
          0.019782458057123323,
          0.05888767910780818,
          1.1080000048916644E-6,
          6.739389547290951E-6,
          8.314331489186401E-7,
          3.1775022126658007E-8,
          0.03125000000000002
        ]
      ],
      "InnovationCovariance": [
        [
          209.5980138855164,
          0.12674951692923034
        ],
        [
          0.12674951692923034,
          0.010188063643600071
        ]
      ],
      "numConsideredParams": 1
    },
    {
      "Time": "2018-01-01T00:57:54.000Z",
      "PreFit": {
        "RangeRate": [
          0.7832517939129662
        ],
        "Range": [
          3.770472035855227E7
        ]
      },
      "PostFit": {
        "RangeRate": [
          0.7743161261757858
        ],
        "Range": [
          3.770471203391469E7
        ]
      },
      "EstimatedState": [
        4.007498282156844E7,
        -1.3093415493623763E7,
        -92517.34632752028,
        955.8555135401147,
        2922.6352507455317,
        -0.5063625192959282,
        1.8790509227882732,
        1.5
      ],
      "EstimatedCovariance": [
        [
          333112.40425034787,
          467390.8885790707,
          1434497.0410363004,
          -43.026216977906195,
          5.3189529053221,
          -18.799965220851487,
          -0.08426832883712508,
          0.014879869831255142
        ],
        [
          467390.8885790707,
          1561326.308093274,
          -1717643.7930246806,
          -106.38966832692421,
          42.35464393725444,
          39.766188854363016,
          0.06318356918223755,
          0.021937301098173247
        ],
        [
          1434497.0410363004,
          -1717643.7930246806,
          2.1551035386269145E7,
          3.023729756581038,
          -122.36953616754128,
          -353.4831466587958,
          -1.079909579731964,
          0.060127481218135236
        ],
        [
          -43.026216977906195,
          -106.38966832692421,
          3.023729756581039,
          0.008503504121340365,
          -0.0017604166002914041,
          -4.679334741285987E-5,
          -3.817211783452044E-5,
          1.0720983338137118E-6
        ],
        [
          5.3189529053221,
          42.35464393725444,
          -122.36953616754128,
          -0.0017604166002914041,
          0.002466621405292286,
          0.0018843900099989462,
          -6.184821769783768E-5,
          7.149144267530535E-6
        ],
        [
          -18.799965220851487,
          39.766188854363016,
          -353.4831466587958,
          -4.679334741285986E-5,
          0.0018843900099989462,
          0.016344521739697342,
          1.8654460390611486E-5,
          8.933500574933625E-7
        ],
        [
          -0.08426832883712508,
          0.06318356918223755,
          -1.079909579731964,
          -3.817211783452044E-5,
          -6.184821769783768E-5,
          1.8654460390611486E-5,
          0.15726969662940846,
          3.022834047067184E-8
        ],
        [
          0.014879869831255142,
          0.021937301098173247,
          0.060127481218135236,
          1.0720983338137118E-6,
          7.149144267530535E-6,
          8.933500574933625E-7,
          3.022834047067184E-8,
          0.03125000000000003
        ]
      ],
      "InnovationCovariance": [
        [
          202.8256807310471,
          0.11171782441799542
        ],
        [
          0.11171782441799542,
          0.010154388066074778
        ]
      ],
      "numConsideredParams": 1
    },
    {
      "Time": "2018-01-01T01:02:54.000Z",
      "PreFit": {
        "RangeRate": [
          0.7768148029775287
        ],
        "Range": [
          3.770494502635413E7
        ]
      },
      "PostFit": {
        "RangeRate": [
          0.7879594428705503
        ],
        "Range": [
          3.770495558629371E7
        ]
      },
      "EstimatedState": [
        4.035219178026809E7,
        -1.2213521890966594E7,
        -92228.46976891716,
        891.6953239571162,
        2942.852875202861,
        -0.3671803562031522,
        1.8782094323474845,
        1.5
      ],
      "EstimatedCovariance": [
        [
          306323.6858302552,
          435589.05496882304,
          1419109.2936602803,
          -40.65045478008631,
          3.1650298921753466,
          -20.90509709203467,
          -0.07427619749991832,
          0.015112970824258167
        ],
        [
          435589.05496882304,
          1585618.6755700614,
          -1748286.3373778313,
          -108.03962494939074,
          40.22537056677054,
          43.241798031491555,
          0.05695999354065537,
          0.02409176815238985
        ],
        [
          1419109.2936602803,
          -1748286.3373778313,
          2.1260689851574577E7,
          6.407699119215806,
          -125.90203472448506,
          -381.3219458687383,
          -0.9406762950630576,
          0.05991208011684948
        ],
        [
          -40.65045478008631,
          -108.03962494939074,
          6.407699119215806,
          0.008462717754894948,
          -0.0017862135900671655,
          -1.1326163013438106E-4,
          -3.3315415837783446E-5,
          9.833585064583492E-7
        ],
        [
          3.165029892175346,
          40.22537056677054,
          -125.90203472448506,
          -0.0017862135900671655,
          0.002097484638954811,
          0.0021379699861639795,
          -5.36481678030292E-5,
          7.471047417369257E-6
        ],
        [
          -20.90509709203467,
          43.241798031491555,
