{
  "Filter": "UKF",
  "Estimation": [
    {
      "Time": "2018-01-01T00:02:54.000Z",
      "PreFit": {
        "RangeRate": [
          0.711510694144849
        ],
        "Range": [
          3.7702241914515465E7
        ]
      },
      "PostFit": {
        "RangeRate": [
          0.7930956550121682
        ],
        "Range": [
          3.770223785012212E7
        ]
      },
      "EstimatedState": [
        3.579642702468086E7,
        -2.2266997333662916E7,
        -87938.54443099655,
        1625.1002848547096,
        2610.75634171199,
        -2.0922846718896477,
        1.5000000000753797,
        2.0
      ],
      "EstimatedCovariance": [
        [
          1273749.489886392,
          1466043.6213656995,
          1845180.08024481,
          -56.58951369744718,
          41.10786324627906,
          6.402346189186556,
          -9.213541954733826E-7,
          -0.033052072221924696
        ],
        [
          1466043.6213656976,
          2223974.114446573,
          -1320511.2733686774,
          -77.91508820328603,
          56.59928721067327,
          8.812705001460008,
          -1.2684537862560596E-6,
          0.024019191858113544
        ],
        [
          1845180.0802448103,
          -1320511.2733686774,
          2.479233502925739E7,
          0.068505060363719,
          -0.05014332684271259,
          0.007305864035049117,
          1.162707447879143E-9,
          0.003739260383637962
        ],
        [
          -56.58951369744719,
          -77.91508820328603,
          0.068505060363719,
          0.009572810503506807,
          3.102366288828619E-4,
          4.831929651602692E-5,
          2.60498966101338E-11,
          8.589434583764897E-11
        ],
        [
          41.10786324627906,
          56.59928721067327,
          -0.05014332684271258,
          3.1023662888286183E-4,
          0.009774697739182624,
          -3.5090786752312635E-5,
          -1.6233888311042092E-10,
          -5.513458196814375E-11
        ],
        [
          6.402346189186557,
          8.812705001460007,
          0.007305864035049115,
          4.831929651602692E-5,
          -3.5090786752312635E-5,
          0.009994534626448691,
          -7.179257706198727E-11,
          -2.0281685988021878E-12
        ],
        [
          -9.213541954733827E-7,
          -1.2684537862560596E-6,
          1.162707447879143E-9,
          2.6049896610133804E-11,
          -1.6233888311042092E-10,
          -7.179257706198727E-11,
          0.03125,
          6.00371956918264E-19
        ],
        [
          -0.0330520722219247,
          0.024019191858113544,
          0.003739260383637962,
          8.589434583764897E-11,
          -5.513458196814375E-11,
          -2.0281685988021874E-12,
          6.00371956918264E-19,
          0.30617773437499995
        ]
      ],
      "InnovationCovariance": [
        [
          2.5000099177433528E7,
          -0.03397100356324375
        ],
        [
          -0.03397100356324375,
          0.15197770014598605
        ]
      ],
      "numConsideredParams": 1
    },
    {
      "Time": "2018-01-01T00:07:54.000Z",
      "PreFit": {
        "RangeRate": [
          0.8026484960585023
        ],
        "Range": [
          3.770247760159357E7
        ]
      },
      "PostFit": {
        "RangeRate": [
          0.7888505338983285
        ],
        "Range": [
          3.7702472455318056E7
        ]
      },
      "EstimatedState": [
        3.6275243084772475E7,
        -2.147864479866254E7,
        -88548.68062293464,
        1567.5786632854397,
        2645.6680291312396,
        -1.9522697770912605,
        1.50000016041329,
        2.0
      ],
      "EstimatedCovariance": [
        [
          786026.9157516867,
          837773.34163336,
          1822068.8105099332,
          -58.144781052785284,
          40.2550880361159,
          3.86933246009456,
          0.0011384073432158166,
          0.44749113127120577
        ],
        [
          837773.3416333601,
          1421281.7390858876,
          -1352724.7063249883,
          -84.82383979072974,
          58.61804560775141,
          11.454477510256055,
          0.0016207132646987948,
          0.6757447541286106
        ],
        [
          1822068.8105099332,
          -1352724.7063249883,
          2.477891197866202E7,
          5.940648348509286,
          -3.3810665352948055,
          -36.55555104160406,
          1.337986720842317E-4,
          0.004023176631047902
        ],
        [
          -58.144781052785284,
          -84.82383979072974,
          5.940648348509286,
          0.009664803226400606,
          4.242627295616104E-4,
          3.535842546945905E-5,
          -6.789681482521968E-8,
          2.966262433979254E-6
        ],
        [
          40.2550880361159,
          58.61804560775141,
          -3.3810665352948055,
          4.242627295616104E-4,
          0.009559110680883809,
          -4.778512998147632E-5,
          3.959517840257932E-7,
          -3.6189866011648004E-6
        ],
        [
          3.8693324600945593,
          11.454477510256055,
          -36.55555104160406,
          3.535842546945905E-5,
          -4.778512998147632E-5,
          0.010052578216550163,
          1.7196405948946193E-7,
          -3.8845988977433036E-7
        ],
        [
          0.0011384073432158168,
          0.0016207132646987948,
          1.337986720842317E-4,
          -6.789681482521968E-8,
          3.959517840257932E-7,
          1.7196405948946193E-7,
          0.031249999990536393,
          -8.168048679306962E-11
        ],
        [
          0.44749113127120566,
          0.6757447541286106,
          0.004023176631047903,
          2.966262433979254E-6,
          -3.6189866011648004E-6,
          -3.8845988977433014E-7,
          -8.168048679306945E-11,
          0.21435014564082683
        ]
      ],
      "InnovationCovariance": [
        [
          1048.3752842622478,
          2.826706812498707
        ],
        [
          2.826706812498707,
          0.01944016793526969
        ]
      ],
      "numConsideredParams": 1
    },
    {
      "Time": "2018-01-01T00:12:54.000Z",
      "PreFit": {
        "RangeRate": [
          0.7977688846917268
        ],
        "Range": [
          3.7702710820525564E7
        ]
      },
      "PostFit": {
        "RangeRate": [
          0.7636648366933425
        ],
        "Range": [
          3.770269026588895E7
        ]
      },
      "EstimatedState": [
        3.673654171328339E7,
        -2.0680214697791528E7,
        -89092.98716024532,
        1509.307551689612,
        2679.315788965824,
        -1.8112087250647169,
        1.4999994763605728,
        2.0
      ],
      "EstimatedCovariance": [
        [
          686925.6922590985,
          738090.4521969181,
          1797783.9822232511,
          -56.69187203250729,
          37.66662676604282,
          1.091402155265145,
          0.002273892003096155,
          0.32926406233784433
        ],
        [
          738090.4521969181,
          1343187.2603007185,
          -1386734.6268056892,
          -87.64825893728255,
          58.091416932283764,
          13.767440969433675,
          0.003327600969579624,
          0.5199051483761976
        ],
        [
          1797783.9822232511,
          -1386734.6268056892,
          2.4731336125358734E7,
          11.542993496076894,
          -7.0163643562854325,
          -73.00525227917512,
          8.258300994944364E-4,
          -0.0694353806985609
        ],
        [
          -56.69187203250729,
          -87.64825893728255,
          11.542993496076894,
          0.00976501683804577,
          5.118690774984742E-4,
          3.043661700745005E-6,
          -1.2166240948735883E-7,
          -5.318126111972713E-7
        ],
        [
          37.66662676604282,
          58.091416932283764,
          -7.0163643562854325,
          5.118690774984742E-4,
          0.009330122816606761,
          -4.818307360653977E-5,
          8.132534444349762E-7,
          -7.555094421712878E-6
        ],
        [
          1.091402155265145,
          13.767440969433675,
          -73.00525227917512,
          3.043661700745005E-6,
          -4.818307360653977E-5,
          0.01022739423606074,
          3.421895880731707E-7,
          -9.406270734558691E-8
        ],
        [
          0.002273892003096155,
          0.003327600969579624,
          8.258300994944362E-4,
          -1.2166240948735883E-7,
          8.132534444349762E-7,
          3.421895880731707E-7,
          0.031249989967026322,
          2.782714028422021E-9
        ],
        [
          0.32926406233784433,
          0.5199051483761976,
          -0.0694353806985609,
          -5.318126111972713E-7,
          -7.555094421712878E-6,
          -9.406270734558696E-8,
          2.782714028422021E-9,
          0.16930961918906628
        ]
      ],
      "InnovationCovariance": [
        [
          463.6059203199288,
          0.7022971554603304
        ],
        [
          0.7022971554603304,
          0.011591680890546888
        ]
      ],
      "numConsideredParams": 1
    },
    {
      "Time": "2018-01-01T00:17:54.000Z",
      "PreFit": {
        "RangeRate": [
          0.7719684317281317
        ],
        "Range": [
          3.77029209796738E7
        ]
      },
      "PostFit": {
        "RangeRate": [
          0.7275515957219815
        ],
        "Range": [
          3.7702890857603155E7
        ]
      },
      "EstimatedState": [
        3.718013276610297E7,
        -1.987196966721404E7,
        -90167.69958315091,
        1450.2964895038538,
        2711.65177899371,
        -1.666800839685091,
        1.5000216969734703,
        2.0
      ],
      "EstimatedCovariance": [
        [
          632146.3054663303,
          697117.3631335514,
          1770703.626628769,
          -54.94879806017703,
          34.71512248113073,
          -1.6389585848517987,
          0.0034871229040379682,
          0.2188325289585665
        ],
        [
          697117.3631335514,
          1347865.7203151174,
          -1421401.696106413,
          -89.98770080797246,
          57.062416100891795,
          16.142871499361966,
          0.005102558966368669,
          0.38895916292826693
        ],
        [
          1770703.626628769,
          -1421401.696106413,
          2.4626869718033537E7,
          16.122235434970843,
          -12.161928890499857,
          -109.11672409636813,
          0.0029477824202414843,
          -0.2437939767614195
        ],
        [
          -54.94879806017703,
          -89.98770080797246,
          16.122235434970843,
          0.009829250917714609,
          5.45331588497545E-4,
          -4.197669850939627E-5,
          -1.328922888688692E-7,
          -6.990898185378382E-6
        ],
        [
          34.715122481130734,
          57.062416100891795,
          -12.161928890499857,
          5.45331588497545E-4,
          0.009017639006714158,
          -3.0839604707591205E-5,
          1.2982535649474568E-6,
          -1.6523115131691626E-5
        ],
        [
          -1.6389585848517987,
          16.142871499361966,
          -109.11672409636813,
          -4.197669850939627E-5,
          -3.0839604707591205E-5,
          0.010517537992335011,
          5.043909645830106E-7,
          8.502224527889467E-7
        ],
        [
          0.0034871229040379682,
          0.005102558966368669,
          0.0029477824202414848,
          -1.328922888688692E-7,
          1.2982535649474568E-6,
          5.043909645830106E-7,
          0.03124996241053437,
          1.0050724227049666E-8
        ],
        [
          0.2188325289585665,
          0.38895916292826693,
          -0.24379397676141956,
          -6.990898185378382E-6,
          -1.652311513169163E-5,
          8.502224527889467E-7,
          1.0050724227049666E-8,
          0.1470587089915228
        ]
      ],
      "InnovationCovariance": [
        [
          311.8365347360166,
          0.3097191070742948
        ],
        [
          0.3097191070742948,
          0.010567111271623356
        ]
      ],
      "numConsideredParams": 1
    },
    {
      "Time": "2018-01-01T00:22:54.000Z",
      "PreFit": {
        "RangeRate": [
          0.7335340213804938
        ],
        "Range": [
          3.770311038662234E7
        ]
      },
      "PostFit": {
        "RangeRate": [
          0.7349482697064074
        ],
        "Range": [
          3.770311159111282E7
        ]
      },
      "EstimatedState": [
        3.7606294560721345E7,
        -1.90537671866805E7,
        -90666.09569552289,
        1390.6113719584012,
        2742.7141105544233,
        -1.5232384044444927,
        1.500020753755755,
        2.0
      ],
      "EstimatedCovariance": [
        [
          587608.426860366,
          667832.4775961087,
          1740078.7568346197,
          -53.28301677288953,
          31.412054704966664,
          -4.277376709424893,
          0.004896570429849355,
          0.12652424630812414
        ],
        [
          667832.4775961087,
          1369944.3160414768,
          -1454810.1188921393,
          -92.21793795967163,
          55.754496252238255,
          18.615183352259987,
          0.0069792555401486205,
          0.29528975003097824
        ],
        [
          1740078.7568346197,
          -1454810.1188921393,
          2.444477685401697E7,
          18.75818778337769,
          -20.325940470300313,
          -144.53310404441598,
          0.007436611624235281,
          -0.5062141183164378
        ],
        [
          -53.28301677288953,
          -92.21793795967163,
          18.75818778337769,
          0.009818054926605587,
          4.64556499331696E-4,
          -8.927139178166343E-5,
          -6.131701897013733E-8,
          -1.6635057052333353E-5
        ],
        [
          31.412054704966664,
          55.754496252238255,
          -20.325940470300313,
          4.64556499331696E-4,
          0.008520098135640322,
          2.020311368457551E-5,
          1.9167054787785825E-6,
          -3.114016167671549E-5
        ],
        [
          -4.277376709424893,
          18.615183352259987,
          -144.53310404441598,
          -8.927139178166343E-5,
          2.020311368457551E-5,
          0.010919799932560441,
          6.464071778744938E-7,
          2.8410527883638066E-6
        ],
        [
          0.004896570429849355,
          0.0069792555401486205,
          0.007436611624235281,
          -6.131701897013733E-8,
          1.9167054787785825E-6,
          6.464071778744938E-7,
          0.03124862616380049,
          1.3746903096720207E-8
        ],
        [
          0.12652424630812414,
          0.29528975003097824,
          -0.5062141183164377,
          -1.6635057052333353E-5,
          -3.114016167671549E-5,
          2.8410527883638066E-6,
          1.3746903096720207E-8,
          0.13600982422049346
        ]
      ],
      "InnovationCovariance": [
        [
          252.85939581722022,
          0.19334936777448627
        ],
        [
          0.19334936777448627,
          0.010336092733757051
        ]
      ],
      "numConsideredParams": 1
    },
    {
      "Time": "2018-01-01T00:27:54.000Z",
      "PreFit": {
        "RangeRate": [
          0.7403552010713693
        ],
        "Range": [
          3.770333324995349E7
        ]
      },
      "PostFit": {
        "RangeRate": [
          0.7432565528310854
        ],
        "Range": [
          3.770333524405686E7
        ]
      },
      "EstimatedState": [
        3.801447025691799E7,
        -1.822643514318848E7,
        -90978.43155734423,
        1330.2659809477673,
        2772.4700487577816,
        -1.3799213705353264,
        1.500015550228647,
        2.0
      ],
      "EstimatedCovariance": [
        [
          545621.4498611848,
          640805.4556196394,
          1696811.1773806652,
          -51.89677692373493,
          27.54939951111544,
          -6.735816048878173,
          0.006656401633785821,
          0.044173151545667935
        ],
        [
          640805.4556196394,
          1396934.4976960418,
          -1492127.3864376142,
          -94.41916716454243,
          54.19210226400738,
          21.22681297081809,
          0.008984578460566285,
          0.2261193558718723
        ],
        [
          1696811.1773806652,
          -1492127.3864376142,
          2.4131981456990294E7,
          18.04205429092906,
          -33.768792159230166,
          -178.52050549570686,
          0.01563769941269963,
          -0.8465409642976232
        ],
        [
          -51.89677692373493,
          -94.41916716454243,
          18.042054290929062,
          0.00969901146367087,
          2.153615223374918E-4,
          -1.1920931995067579E-4,
          1.2187915276783034E-7,
          -2.8240213441954724E-5
        ],
        [
          27.54939951111544,
          54.19210226400738,
          -33.768792159230166,
          2.153615223374918E-4,
          0.007745185508737694,
          1.3611310413862265E-4,
          2.717687244131083E-6,
          -4.934761113030465E-5
        ],
        [
          -6.735816048878173,
          21.22681297081809,
          -178.52050549570686,
          -1.1920931995067579E-4,
          1.3611310413862265E-4,
          0.011426115916205494,
          7.471654509061306E-7,
          6.227971796254235E-6
        ],
        [
          0.006656401633785821,
          0.008984578460566285,
          0.01563769941269963,
          1.2187915276783034E-7,
          2.717687244131083E-6,
          7.471654509061306E-7,
          0.03124801969509028,
          2.480311735412915E-8
        ],
        [
          0.044173151545667935,
          0.2261193558718723,
          -0.8465409642976232,
          -2.8240213441954724E-5,
          -4.934761113030465E-5,
          6.227971796254235E-6,
          2.480311735412915E-8,
          0.13050578541663158
        ]
      ],
      "InnovationCovariance": [
        [
          228.09070701257147,
          0.15732277580817206
        ],
        [
          0.15732277580817206,
          0.01028269052654442
        ]
      ],
      "numConsideredParams": 1
    },
    {
      "Time": "2018-01-01T00:32:54.000Z",
      "PreFit": {
        "RangeRate": [
          0.7485085101081632
        ],
        "Range": [
          3.770355936763049E7
        ]
      },
      "PostFit": {
        "RangeRate": [
          0.7544563005743997
        ],
        "Range": [
          3.770356298729426E7
        ]
      },
      "EstimatedState": [
        3.8404479972822316E7,
        -1.7390364290162172E7,
        -90990.43119729019,
        1269.2929987686175,
        2800.911361100625,
        -1.2386399457808794,
        1.500002966878886,
        2.0
      ],
      "EstimatedCovariance": [
        [
          504755.0205240046,
          613783.9386851666,
          1642231.6507491407,
          -50.79507893598398,
          23.187936406821684,
          -8.965234879520933,
          0.008682554460509804,
          -0.023177662376903517
        ],
        [
          613783.9386851666,
          1425349.3377433114,
          -1531972.171304646,
          -96.60751290263279,
          52.417359587225306,
          23.989802350922155,
          0.01109614146807888,
          0.174482969175018
        ],
        [
          1642231.6507491407,
          -1531972.171304646,
          2.3690512158964887E7,
          14.006254073462852,
          -52.29892067295145,
          -210.49993187411258,
          0.026945093583178904,
          -1.1669753167900438
        ],
        [
          -50.79507893598398,
          -96.60751290263279,
          14.006254073462848,
          0.009472581491496249,
          -1.9725396777208788E-4,
          -1.1598205173915699E-4,
          3.988041676221689E-7,
          -3.896694933692638E-5
        ],
        [
          23.187936406821684,
          52.417359587225306,
          -52.29892067295145,
          -1.9725396777208766E-4,
          0.006706966498749707,
          3.407754448648511E-4,
          3.667365376227396E-6,
          -6.618270235690833E-5
        ],
        [
          -8.965234879520933,
          23.989802350922155,
          -210.49993187411258,
          -1.1598205173915701E-4,
          3.407754448648511E-4,
          0.012025316636671394,
          7.943369188546811E-7,
          1.0516775920140373E-5
        ],
        [
          0.008682554460509804,
          0.01109614146807888,
          0.026945093583178908,
          3.9880416762216897E-7,
          3.667365376227396E-6,
          7.943369188546811E-7,
          0.031248019317132607,
          3.5852312560859216E-8
        ],
        [
          -0.023177662376903517,
          0.174482969175018,
          -1.1669753167900438,
          -3.896694933692638E-5,
          -6.618270235690833E-5,
          1.0516775920140373E-5,
          3.5852312560859216E-8,
          0.12775889443729832
        ]
      ],
      "InnovationCovariance": [
        [
          219.51963377691587,
          0.15064234835464377
        ],
        [
          0.15064234835464377,
          0.01027631926452126
        ]
      ],
      "numConsideredParams": 1
    },
    {
      "Time": "2018-01-01T00:37:54.000Z",
      "PreFit": {
        "RangeRate": [
          0.7603180990324888
        ],
        "Range": [
          3.7703790556080855E7
        ]
      },
      "PostFit": {
        "RangeRate": [
          0.7566119104507573
        ],
        "Range": [
          3.770378687370468E7
        ]
      },
      "EstimatedState": [
        3.877600938998474E7,
        -1.654601641364606E7,
        -91532.80019190034,
        1207.6953166777953,
        2827.981937967071,
        -1.0918271981425582,
        1.5000092684344237,
        2.0
      ],
      "EstimatedCovariance": [
        [
          465234.9460269913,
          586136.958456304,
          1582806.042839459,
          -49.78668816198902,
          18.67958514349644,
          -10.980671770670524,
          0.010695650819505994,
          -0.06831472438609895
        ],
        [
          586136.958456304,
          1453946.3867579978,
          -1572683.7861829211,
          -98.7468485769463,
          50.51308707141662,
          26.902685217009118,
          0.013257125957684334,
          0.1367680657687994
        ],
        [
          1582806.042839459,
          -1572683.7861829211,
          2.317240906074994E7,
          8.288634959220795,
          -73.07531124019653,
          -240.43212767314978,
          0.039014522755968666,
          -1.3688736546982465
        ],
        [
          -49.78668816198902,
          -98.7468485769463,
          8.288634959220797,
          0.009191463439006788,
          -6.828767275963345E-4,
          -8.101086684555276E-5,
          6.954547644185084E-7,
          -4.582809582677844E-5
        ],
        [
          18.67958514349644,
          50.51308707141662,
          -73.07531124019653,
          -6.828767275963346E-4,
          0.0055598628675621,
          6.288564706883301E-4,
          4.6405878142386E-6,
          -7.665335582525457E-5
        ],
        [
          -10.980671770670524,
          26.902685217009118,
          -240.43212767314978,
          -8.101086684555276E-5,
          6.288564706883301E-4,
          0.012708418128867315,
          7.978588863358071E-7,
          1.4574249482798477E-5
        ],
        [
          0.010695650819505994,
          0.013257125957684334,
          0.039014522755968666,
          6.954547644185084E-7,
          4.6405878142386E-6,
          7.978588863358071E-7,
          0.031248018951352607,
          4.223787177377639E-8
        ],
        [
          -0.06831472438609895,
          0.1367680657687994,
          -1.3688736546982465,
          -4.582809582677844E-5,
          -7.665335582525457E-5,
          1.4574249482798477E-5,
          4.223787177377639E-8,
          0.12638666619713662
        ]
      ],
      "InnovationCovariance": [
        [
          218.16384467331045,
          0.15177653993897958
        ],
        [
          0.15177653993897958,
          0.010272128740220298
        ]
      ],
      "numConsideredParams": 1
    },
    {
      "Time": "2018-01-01T00:42:54.000Z",
      "PreFit": {
        "RangeRate": [
          0.761385370193328
        ],
        "Range": [
          3.7704014918719925E7
        ]
      },
      "PostFit": {
        "RangeRate": [
          0.768529496428023
        ],
        "Range": [
          3.7704020026288904E7
        ]
      },
      "EstimatedState": [
        3.912906910725755E7,
        -1.5693697818369849E7,
        -91434.75179444913,
        1145.5399624968081,
        2853.7290453996807,
        -0.9511935822377854,
        1.499997751410267,
        2.0
      ],
      "EstimatedCovariance": [
        [
          428284.42413132265,
          557664.4751525264,
          1531674.7393758132,
          -48.57002099823521,
          14.52686016189832,
          -12.91920735217267,
          0.012364517748684346,
          -0.09004615341912733
        ],
        [
          557664.4751525264,
          1481997.5722067517,
          -1612136.301870738,
          -100.83078327595241,
          48.49488914211779,
          29.94817820258877,
          0.015454252958538044,
          0.10954617242091948
        ],
        [
          1531674.7393758132,
          -1612136.301870738,
          2.269196711828565E7,
          3.799615356409678,
          -91.33625692181215,
          -269.36276069558534,
          0.04869156396209774,
          -1.4135811960824183
        ],
        [
          -48.57002099823521,
          -100.83078327595241,
          3.799615356409676,
          0.008926133350010496,
          -0.0011264272661415714,
          -4.147196874245275E-5,
          9.325227605683697E-7,
          -4.7853718755655746E-5
        ],
        [
          14.52686016189832,
          48.49488914211779,
          -91.33625692181215,
          -0.0011264272661415716,
          0.004491628563363581,
          9.538797121931349E-4,
          5.5085354912182295E-6,
          -7.925140072579989E-5
        ],
        [
          -12.91920735217267,
          29.94817820258877,
          -269.36276069558534,
          -4.1471968742452775E-5,
          9.538797121931349E-4,
          0.013479513241835425,
          7.923133715668463E-7,
          1.736585744224627E-5
        ],
        [
          0.012364517748684346,
          0.015454252958538044,
          0.04869156396209774,
          9.325227605683696E-7,
          5.5085354912182295E-6,
          7.923133715668463E-7,
          0.031248018678819014,
          4.371646300780694E-8
        ],
        [
          -0.09004615341912733,
          0.10954617242091948,
          -1.4135811960824183,
          -4.7853718755655746E-5,
          -7.925140072579988E-5,
          1.736585744224627E-5,
          4.371646300780694E-8,
          0.12570084375946214
        ]
      ],
      "InnovationCovariance": [
        [
          217.39626734999655,
          0.1490586531733428
        ],
        [
          0.1490586531733428,
          0.010254000725589268
        ]
      ],
      "numConsideredParams": 1
    },
    {
      "Time": "2018-01-01T00:47:54.000Z",
      "PreFit": {
        "RangeRate": [
          0.7740088025253381
        ],
        "Range": [
          3.770425174579982E7
        ]
      },
      "PostFit": {
        "RangeRate": [
          0.7749947727915429
        ],
        "Range": [
          3.770425281967012E7
        ]
      },
      "EstimatedState": [
        3.946334498735415E7,
        -1.48338848044322E7,
        -91662.65274247981,
        1082.8249720586693,
        2878.089249045746,
        -0.8062435116371032,
        1.4999957253765723,
        2.0
      ],
      "EstimatedCovariance": [
        [
          393857.85174494906,
          528420.1149276173,
          1488708.272786592,
          -47.04854669645408,
          10.900489774260013,
          -14.821232760918408,
          0.013599658424875205,
          -0.09459443762220902
        ],
        [
          528420.1149276173,
          1509401.363673677,
          -1649621.0463979184,
          -102.79002087513868,
          46.479360394221914,
          33.113585186557216,
          0.017622549921990093,
          0.0903630675067707
        ],
        [
          1488708.272786592,
          -1649621.0463979184,
          2.2249340797038116E7,
          1.211354757422038,
          -105.93862341752425,
          -297.50460543795504,
          0.055361864253714865,
          -1.3415943497037561
        ],
        [
          -47.04854669645408,
          -102.79002087513868,
          1.211354757422038,
          0.008721253588948577,
          -0.0014547932118610723,
          -1.2851630043937679E-5,
          1.0688449878704238E-6,
          -4.606020315574622E-5
        ],
        [
          10.900489774260015,
          46.47936039422192,
          -105.93862341752425,
          -0.0014547932118610723,
          0.003621716414795208,
          0.0012879501531513516,
          6.204922164339951E-6,
          -7.571937565932968E-5
        ],
        [
          -14.821232760918408,
          33.113585186557216,
          -297.50460543795504,
          -1.2851630043937679E-5,
          0.0012879501531513516,
          0.014338188631558231,
          7.979617001817856E-7,
          1.8692813386395313E-5
        ],
        [
          0.013599658424875205,
          0.017622549921990093,
          0.055361864253714865,
          1.0688449878704238E-6,
          6.204922164339951E-6,
          7.979617001817856E-7,
          0.0312480185263843,
          4.220063944682575E-8
        ],
        [
          -0.09459443762220902,
          0.09036306750677069,
          -1.3415943497037561,
          -4.606020315574622E-5,
          -7.571937565932968E-5,
          1.8692813386395313E-5,
          4.220063944682575E-8,
          0.12535801439133995
        ]
      ],
      "InnovationCovariance": [
        [
          214.87761384626415,
          0.14033313649796003
        ],
        [
          0.14033313649796003,
          0.010223552979617427
        ]
      ],
      "numConsideredParams": 1
    },
    {
      "Time": "2018-01-01T00:52:54.000Z",
      "PreFit": {
        "RangeRate": [
          0.780027906188011
        ],
        "Range": [
          3.77044864056983E7
        ]
      },
      "PostFit": {
        "RangeRate": [
          0.7789622297202478
        ],
        "Range": [
          3.770448569904895E7
        ]
      },
      "EstimatedState": [
        3.9778712408851184E7,
        -1.3966978295063095E7,
        -91946.62188461376,
        1019.5895307851348,
        2901.0659973797524,
        -0.6594401127127024,
        1.4999951930781261,
        2.0
      ],
      "EstimatedCovariance": [
        [
          362220.0887529455,
          498331.75116182293,
          1457062.300833473,
          -45.1804823760817,
          7.863238768142812,
          -16.775397716678167,
          0.014406973076526025,
          -0.08969952557675726
        ],
        [
          498331.75116182293,
          1535882.1379049376,
          -1684780.862076777,
          -104.64297509996861,
          44.433264639402466,
          36.3884333548954,
          0.019782298993821196,
          0.07675330571053773
        ],
        [
          1457062.300833473,
          -1684780.862076777,
          2.1875238062171195E7,
          1.119280336285052,
          -116.00225363612321,
          -325.5321852618602,
          0.05889755438706182,
          -1.2108566107622216
        ],
        [
          -45.1804823760817,
          -104.64297509996861,
          1.119280336285052,
          0.008584298341415943,
          -0.0016591714533039413,
          -1.3384427720547476E-5,
          1.1083356611916373E-6,
          -4.219124847237307E-5
        ],
        [
          7.863238768142812,
          44.433264639402466,
          -116.00225363612321,
          -0.0016591714533039413,
          0.0029589501333788346,
          0.001600554364027765,
          6.739716443306865E-6,
          -6.893893560669571E-5
        ],
        [
          -16.775397716678167,
          36.3884333548954,
          -325.5321852618602,
          -1.3384427720547463E-5,
          0.001600554364027765,
          0.01529256870159,
          8.312056052683992E-7,
          1.8883799537561685E-5
        ],
        [
          0.014406973076526025,
          0.019782298993821196,
          0.05889755438706182,
          1.108335661191637E-6,
          6.739716443306865E-6,
          8.312056052683992E-7,
          0.03124801846732073,
          4.0070319449038695E-8
        ],
        [
          -0.08969952557675726,
          0.07675330571053773,
          -1.2108566107622216,
          -4.219124847237307E-5,
          -6.893893560669571E-5,
          1.8883799537561685E-5,
          4.0070319449038695E-8,
          0.1251866115377194
        ]
      ],
      "InnovationCovariance": [
        [
          209.59801389779258,
          0.1267495169417703
        ],
        [
          0.1267495169417703,
          0.010188063643617497
        ]
      ],
      "numConsideredParams": 1
    },
    {
      "Time": "2018-01-01T00:57:54.000Z",
      "PreFit": {
        "RangeRate": [
          0.7832517942190217
        ],
        "Range": [
          3.770472035855233E7
        ]
      },
      "PostFit": {
        "RangeRate": [
          0.7743161264476239
        ],
        "Range": [
          3.7704712033914715E7
        ]
      },
      "EstimatedState": [
        4.007498282157282E7,
        -1.3093415493618162E7,
        -92517.34630664144,
        955.855513540561,
        2922.6352507472357,
        -0.5063625193457166,
        1.4999977257390507,
        2.0
      ],
      "EstimatedCovariance": [
        [
          333112.40420750674,
          467390.8885425899,
          1434497.0407586242,
          -43.02621698116713,
          5.318952894006754,
          -18.799965213516046,
          0.014880485747726678,
          -0.08105940783766387
        ],
        [
          467390.8885425899,
          1561326.3081001684,
          -1717643.7934194023,
          -106.38966833928056,
          42.35464391652834,
          39.76618886380694,
          0.02193700061807247,
          0.06702300493200955
        ],
        [
          1434497.0407586242,
          -1717643.7934194023,
          2.1551035385128837E7,
          3.023729774282507,
          -122.36953619632523,
          -353.48314662430016,
          0.060134301409433204,
          -1.0657745710168072
        ],
        [
          -43.02621698116713,
          -106.38966833928056,
          3.023729774282507,
          0.008503504123836873,
          -0.0017604165982217403,
          -4.679334720166005E-5,
          1.0723358805232409E-6,
          -3.759173781199856E-5
        ],
        [
          5.318952894006754,
          42.35464391652834,
          -122.36953619632523,
          -0.0017604165982217403,
          0.002466621405307521,
          0.0018843900112828732,
          7.149277701071684E-6,
          -6.10883840173345E-5
        ],
        [
          -18.799965213516046,
          39.76618886380694,
          -353.48314662430016,
          -4.679334720166005E-5,
          0.0018843900112828732,
          0.016344521738838675,
          8.931473803879185E-7,
          1.8408025656596534E-5
        ],
        [
          0.014880485747726678,
          0.02193700061807247,
          0.060134301409433204,
          1.0723358805232409E-6,
          7.149277701071684E-6,
          8.931473803879185E-7,
          0.03124801845743648,
          3.901870989087899E-8
        ],
        [
          -0.08105940783766387,
          0.06702300493200955,
          -1.0657745710168072,
          -3.759173781199856E-5,
          -6.10883840173345E-5,
          1.8408025656596534E-5,
          3.901870989087899E-8,
          0.12510087194203834
        ]
      ],
      "InnovationCovariance": [
        [
          202.82568070632993,
          0.11171782439225068
        ],
        [
          0.11171782439225068,
          0.010154388066085544
        ]
      ],
      "numConsideredParams": 1
    },
    {
      "Time": "2018-01-01T01:02:54.000Z",
      "PreFit": {
        "RangeRate": [
          0.7768148033499092
        ],
        "Range": [
          3.7704945026354246E7
        ]
      },
      "PostFit": {
        "RangeRate": [
          0.7879594431795648
        ],
        "Range": [
          3.770495558629377E7
        ]
      },
      "EstimatedState": [
        4.035219178027221E7,
        -1.221352189096072E7,
        -92228.4697505634,
        891.6953239574805,
        2942.85287520438,
        -0.3671803562654466,
        1.500000553794706,
        2.0
      ],
      "EstimatedCovariance": [
        [
          306323.68578728224,
          435589.0549296936,
          1419109.29338796,
          -40.65045478277697,
          3.1650298817661535,
          -20.905097083882303,
          0.015113295253376395,
          -0.072154709858369
        ],
        [
          435589.0549296936,
          1585618.6755682342,
          -1748286.3377745312,
          -108.03962496125969,
          40.22537054626713,
          43.241798042056544,
          0.024091294753521612,
          0.06029995022447397
        ],
        [
          1419109.29338796,
          -1748286.3377745312,
          2.1260689850497253E7,
          6.40769913756726,
          -125.90203475112445,
          -381.32194583121003,
          0.05991658087778023,
          -0.9344359275019833
        ],
        [
          -40.65045478277697,
          -108.03962496125969,
          6.40769913756726,
          0.00846271775738728,
          -0.0017862135880014497,
          -1.1326162986907058E-4,
          9.835157633007288E-7,
          -3.303460234861285E-5
        ],
        [
          3.165029881766153,
          40.22537054626713,
          -125.90203475112445,
          -0.0017862135880014497,
          0.0020974846390137314,
          0.0021379699875930577,
          7.4710172572481785E-6,
          -5.3374839676410265E-5
        ],
        [
          -20.905097083882303,
